463322
943148
884690
909853
868531
690553
714437
664913
538969
556966
547276
445636
414436
347492
895494
870908
667998
699846
646281
546268
456570
71861
935848
915291
935027
925911
972310
939176
963139
967444
872131
851417
890374
867638
892732
890645
855391
918130
898678
858875
891901
903212
922601
919894
839910
839629
834539
785400
829612
834555
832657
781889
804483
793817
772584
740220
734955
805103
764461
772546
752682
671801
671681
690502
669603
677205
638193
609228
653652
650135
640185
572637
577833
563046
552022
548603
584295
554615
599858
551004
589686
571775
599865
547939
591364
568737
555675
561142
558056
547103
589023
589023
573622
554162
510987
529537
514133
531629
527164
517242
527272
617299
531149
528011
461286
469588
469672
473098
440545
393223
418250
407568
389168
333745
311088
286480
290623
206918
215397
215337
211223
174929
174929
965363
942283
919402
923996
975321
942195
942195
941239
962504
970911
956481
957177
973440
923801
923810
893514
854520
875072
873816
899313
865041
876643
882157
853670
883702
917692
845636
918347
875273
891136
899206
878390
890473
841686
841865
841658
792970
791898
795716
832485
857335
776083
810017
809069
829218
841343
753938
812930
748509
740478
743591
748473
765656
753139
765693
772622
771446
738354
720100
717719
734510
678891
683778
681630
687773
702480
699873
685628
610990
631921
633826
652510
653436
621216
679813
643344
628545
626721
625332
537755
583826
603062
587836
598376
572448
555208
564678
568697
543400
582873
589654
592940
608979
560436
582812
535683
556070
602146
551050
545148
565686
583955
553570
561134
568743
547326
608971
600897
583327
589676
551311
601808
595025
563574
584628
528100
529608
509007
516445
530048
522923
541677
511469
533693
516208
461449
468228
487355
450219
454919
461537
481780
498900
461505
448410
450176
433824
393236
395147
419340
418258
433852
389142
412187
378299
396163
405463
383644
328837
350076
320297
317167
350155
288258
279563
271220
279637
250913
218479
232024
160541
160527
109093